U3_M2_Lower = {
	3500, 3500, 3500, 3500, 3500, 3500, 3500, 3500, 3500, 3500, 3500, 3500, 3500, 3500, 3500, 3500, 3500, 3500,
	3500, 3500, 3500, 3500, 3500, 3500, 3500, 3500, 3500, 3500, 3500, 3500, 3500, 3500, 3500, 3500, 3500, 3500,
	3500, 3500, 3500, 3500, 3500, 3500, 3500, 3500, 3500, 3500, 3500, 3500, 3500, 3500, 3500, 3500, 3500, 3500,
	3500, 3500, 3500, 3500, 3500, 3500, 3500, 3500, 3500, 3500, 3500, 3500, 3500, 3500, 3500, 3500, 3500, 3500,
	3500, 3500, 3500, 3500, 3500, 3500, 3500, 3500, 3500, 3500, 3500, 3500, 3500, 3500, 3500, 3500, 3500, 3500,
	3500, 3500, 3500, 3500, 3500, 3500, 3500, 3500, 3500, 3500, 3500, 3500, 3500, 3500, 3500, 3500, 3500, 3500,
	3500, 3500, 3500, 3500, 3500, 3500, 3500, 3500, 3500, 3500, 3500, 3500, 3500, 3500, 3500, 3500, 3500, 3500,
	3500, 3500, 3500, 3500, 3500, 3500, 3500, 3500, 3500, 3500, 3500, 3500, 3500, 3500, 3500, 3500, 3500, 3500,
	3500, 3500, 3500, 3500, 3500, 3500, 3500, 3500, 3500, 3500, 3500, 3500, 3500, 3500, 3500, 3500, 3500, 3500,
	3500, 3500, 3500, 3500, 3500, 3500, 3500, 3500, 3500, 3500, 3500, 3500, 3500, 3500, 3500, 3500, 3500, 3500,
	3500, 3500, 3500, 3500, 3500, 3500, 3500, 3500, 3500, 3500, 3500, 3500, 3500, 3500, 3500, 3500, 3500, 3500,
	3500, 3500, 3500, 3500, 3500, 3500, 3500, 3500, 3500, 3500, 3500, 3500, 3500, 3500, 3500, 3500, 3500, 3500,
	3500, 3500, 3500, 3500, 3500, 3500, 3500, 3500, 3500, 3500, 3500, 3500, 3500, 3500, 3500, 3500, 3500, 3500,
	3500, 3500, 3500, 3500, 3500, 3500, 3500, 3500, 3500, 3500, 3500, 3500, 3500, 3500, 3500, 3500, 3500, 3500,
	3500, 3500, 3500, 3500, 3500, 3500, 3500, 3500, 3500, 3500, 3500, 3500, 3500, 3500, 3500, 3500, 3500, 3500,
	3500, 3500, 3500, 3500, 3500, 3500, 3500, 3500, 3500, 3500, 3500, 3500, 3500, 3500, 3500, 3500, 3500, 3500,
	3500, 3500, 3500, 3500, 3500, 3500, 3500, 3500, 3500, 3500, 3500, 3500, 3500, 3500, 3500, 3500, 3500, 3500,
	3500, 3500, 3500, 3500, 3500, 3500, 3500, 3500, 3500, 3500, 3500, 3500, 3500, 3500, 3500, 3500, 3500, 3500,
	3500, 3500, 3500, 3500, 3500, 3500, 3500, 3500, 3500, 3500, 3500, 3500, 3500, 3500, 3500, 3500, 3500, 3500,
	3500, 3500, 3500, 3500, 3500, 3500, 3500, 3500, 3500, 3500, 3500, 3500, 3500, 3500, 3500, 3500, 3500, 3500,
	3500, 3500, 3500, 3500, 3500, 3500, 3500, 3500, 3500, 3500, 3500, 3500, 3500, 3500, 3500, 3500, 3500, 3500,
	3500, 3500, 3500, 3500, 3500, 3500, 3500, 3500, 3500, 3500, 3500, 3500, 3500, 3500, 3500, 3500, 3500, 3500,
	3500, 3500, 3500, 3500, 3500, 3500, 3500, 3500, 3500, 3500, 3500, 3500, 3500, 3500, 3500, 3500, 3500, 3500,
	3500, 3500, 3500, 3500, 3500, 3500, 3500, 3500, 3500, 3500, 3500, 3500, 3500, 3500, 3500, 3500, 3500, 3500,
	3500, 3500, 3500, 3500, 3500, 3500, 3500, 3500, 3500, 3500, 3500, 3500, 3500, 3500, 3500, 3500, 3500, 3500,
	3500, 3500, 3500, 3500, 3500, 3500, 3500, 3500, 3500, 3500, 3500, 3500, 3500, 3500, 3500, 3500, 3500, 3500,
	3500, 3500, 3500, 3500, 3500, 3500, 3500, 3500, 3500, 3500, 3500, 3500, 3500, 3500, 3500, 3500, 3500, 3500,
	3500, 3500, 3500, 3500, 3500, 3500, 3500, 3500, 3500, 3500, 3500, 3500, 3500, 3500, 3500, 3500, 3500, 3500,
	3500, 3500, 3500, 3500, 3500, 3500, 3500, 3500, 3500, 3500, 3500, 3500, 3500, 3500, 3500, 3500, 3500, 3500,
	3500, 3500, 3500, 3500, 3500, 3500, 3500, 3500, 3500, 3500, 3500, 3500, 3500, 3500, 3500, 3500, 3500, 3500,
	3500, 3500, 3500, 3500, 3500, 3500, 3500, 3500, 3500, 3500, 3500, 3500, 3500, 3500, 3500, 3500, 3500, 3500,
	3500, 3500, 3500, 3500, 3500, 3500, 3500, 3500, 3500, 3500, 3500, 3500, 3500, 3500, 3500, 3500, 3500, 3500,
}
U3_M2_Upper = {
	5500, 5500, 5500, 5500, 5500, 5500, 5500, 5500, 5500, 5500, 5500, 5500, 5500, 5500, 5500, 5500, 5500, 5500,
	5500, 5500, 5500, 5500, 5500, 5500, 5500, 5500, 5500, 5500, 5500, 5500, 5500, 5500, 5500, 5500, 5500, 5500,
	5500, 5500, 5500, 5500, 5500, 5500, 5500, 5500, 5500, 5500, 5500, 5500, 5500, 5500, 5500, 5500, 5500, 5500,
	5500, 5500, 5500, 5500, 5500, 5500, 5500, 5500, 5500, 5500, 5500, 5500, 5500, 5500, 5500, 5500, 5500, 5500,
	5500, 5500, 5500, 5500, 5500, 5500, 5500, 5500, 5500, 5500, 5500, 5500, 5500, 5500, 5500, 5500, 5500, 5500,
	5500, 5500, 5500, 5500, 5500, 5500, 5500, 5500, 5500, 5500, 5500, 5500, 5500, 5500, 5500, 5500, 5500, 5500,
	5500, 5500, 5500, 5500, 5500, 5500, 5500, 5500, 5500, 5500, 5500, 5500, 5500, 5500, 5500, 5500, 5500, 5500,
	5500, 5500, 5500, 5500, 5500, 5500, 5500, 5500, 5500, 5500, 5500, 5500, 5500, 5500, 5500, 5500, 5500, 5500,
	5500, 5500, 5500, 5500, 5500, 5500, 5500, 5500, 5500, 5500, 5500, 5500, 5500, 5500, 5500, 5500, 5500, 5500,
	5500, 5500, 5500, 5500, 5500, 5500, 5500, 5500, 5500, 5500, 5500, 5500, 5500, 5500, 5500, 5500, 5500, 5500,
	5500, 5500, 5500, 5500, 5500, 5500, 5500, 5500, 5500, 5500, 5500, 5500, 5500, 5500, 5500, 5500, 5500, 5500,
	5500, 5500, 5500, 5500, 5500, 5500, 5500, 5500, 5500, 5500, 5500, 5500, 5500, 5500, 5500, 5500, 5500, 5500,
	5500, 5500, 5500, 5500, 5500, 5500, 5500, 5500, 5500, 5500, 5500, 5500, 5500, 5500, 5500, 5500, 5500, 5500,
	5500, 5500, 5500, 5500, 5500, 5500, 5500, 5500, 5500, 5500, 5500, 5500, 5500, 5500, 5500, 5500, 5500, 5500,
	5500, 5500, 5500, 5500, 5500, 5500, 5500, 5500, 5500, 5500, 5500, 5500, 5500, 5500, 5500, 5500, 5500, 5500,
	5500, 5500, 5500, 5500, 5500, 5500, 5500, 5500, 5500, 5500, 5500, 5500, 5500, 5500, 5500, 5500, 5500, 5500,
	5500, 5500, 5500, 5500, 5500, 5500, 5500, 5500, 5500, 5500, 5500, 5500, 5500, 5500, 5500, 5500, 5500, 5500,
	5500, 5500, 5500, 5500, 5500, 5500, 5500, 5500, 5500, 5500, 5500, 5500, 5500, 5500, 5500, 5500, 5500, 5500,
	5500, 5500, 5500, 5500, 5500, 5500, 5500, 5500, 5500, 5500, 5500, 5500, 5500, 5500, 5500, 5500, 5500, 5500,
	5500, 5500, 5500, 5500, 5500, 5500, 5500, 5500, 5500, 5500, 5500, 5500, 5500, 5500, 5500, 5500, 5500, 5500,
	5500, 5500, 5500, 5500, 5500, 5500, 5500, 5500, 5500, 5500, 5500, 5500, 5500, 5500, 5500, 5500, 5500, 5500,
	5500, 5500, 5500, 5500, 5500, 5500, 5500, 5500, 5500, 5500, 5500, 5500, 5500, 5500, 5500, 5500, 5500, 5500,
	5500, 5500, 5500, 5500, 5500, 5500, 5500, 5500, 5500, 5500, 5500, 5500, 5500, 5500, 5500, 5500, 5500, 5500,
	5500, 5500, 5500, 5500, 5500, 5500, 5500, 5500, 5500, 5500, 5500, 5500, 5500, 5500, 5500, 5500, 5500, 5500,
	5500, 5500, 5500, 5500, 5500, 5500, 5500, 5500, 5500, 5500, 5500, 5500, 5500, 5500, 5500, 5500, 5500, 5500,
	5500, 5500, 5500, 5500, 5500, 5500, 5500, 5500, 5500, 5500, 5500, 5500, 5500, 5500, 5500, 5500, 5500, 5500,
	5500, 5500, 5500, 5500, 5500, 5500, 5500, 5500, 5500, 5500, 5500, 5500, 5500, 5500, 5500, 5500, 5500, 5500,
	5500, 5500, 5500, 5500, 5500, 5500, 5500, 5500, 5500, 5500, 5500, 5500, 5500, 5500, 5500, 5500, 5500, 5500,
	5500, 5500, 5500, 5500, 5500, 5500, 5500, 5500, 5500, 5500, 5500, 5500, 5500, 5500, 5500, 5500, 5500, 5500,
	5500, 5500, 5500, 5500, 5500, 5500, 5500, 5500, 5500, 5500, 5500, 5500, 5500, 5500, 5500, 5500, 5500, 5500,
	5500, 5500, 5500, 5500, 5500, 5500, 5500, 5500, 5500, 5500, 5500, 5500, 5500, 5500, 5500, 5500, 5500, 5500,
	5500, 5500, 5500, 5500, 5500, 5500, 5500, 5500, 5500, 5500, 5500, 5500, 5500, 5500, 5500, 5500, 5500, 5500,
}
U0_M2_Lower = {
	3500, 3500, 3500, 3500, 3500, 3500, 3500, 3500, 3500, 3500, 3500, 3500, 3500, 3500, 3500, 3500, 3500, 3500,
	3500, 3500, 3500, 3500, 3500, 3500, 3500, 3500, 3500, 3500, 3500, 3500, 3500, 3500, 3500, 3500, 3500, 3500,
	3500, 3500, 3500, 3500, 3500, 3500, 3500, 3500, 3500, 3500, 3500, 3500, 3500, 3500, 3500, 3500, 3500, 3500,
	3500, 3500, 3500, 3500, 3500, 3500, 3500, 3500, 3500, 3500, 3500, 3500, 3500, 3500, 3500, 3500, 3500, 3500,
	3500, 3500, 3500, 3500, 3500, 3500, 3500, 3500, 3500, 3500, 3500, 3500, 3500, 3500, 3500, 3500, 3500, 3500,
	3500, 3500, 3500, 3500, 3500, 3500, 3500, 3500, 3500, 3500, 3500, 3500, 3500, 3500, 3500, 3500, 3500, 3500,
	3500, 3500, 3500, 3500, 3500, 3500, 3500, 3500, 3500, 3500, 3500, 3500, 3500, 3500, 3500, 3500, 3500, 3500,
	3500, 3500, 3500, 3500, 3500, 3500, 3500, 3500, 3500, 3500, 3500, 3500, 3500, 3500, 3500, 3500, 3500, 3500,
	3500, 3500, 3500, 3500, 3500, 3500, 3500, 3500, 3500, 3500, 3500, 3500, 3500, 3500, 3500, 3500, 3500, 3500,
	3500, 3500, 3500, 3500, 3500, 3500, 3500, 3500, 3500, 3500, 3500, 3500, 3500, 3500, 3500, 3500, 3500, 3500,
	3500, 3500, 3500, 3500, 3500, 3500, 3500, 3500, 3500, 3500, 3500, 3500, 3500, 3500, 3500, 3500, 3500, 3500,
	3500, 3500, 3500, 3500, 3500, 3500, 3500, 3500, 3500, 3500, 3500, 3500, 3500, 3500, 3500, 3500, 3500, 3500,
	3500, 3500, 3500, 3500, 3500, 3500, 3500, 3500, 3500, 3500, 3500, 3500, 3500, 3500, 3500, 3500, 3500, 3500,
	3500, 3500, 3500, 3500, 3500, 3500, 3500, 3500, 3500, 3500, 3500, 3500, 3500, 3500, 3500, 3500, 3500, 3500,
	3500, 3500, 3500, 3500, 3500, 3500, 3500, 3500, 3500, 3500, 3500, 3500, 3500, 3500, 3500, 3500, 3500, 3500,
	3500, 3500, 3500, 3500, 3500, 3500, 3500, 3500, 3500, 3500, 3500, 3500, 3500, 3500, 3500, 3500, 3500, 3500,
	3500, 3500, 3500, 3500, 3500, 3500, 3500, 3500, 3500, 3500, 3500, 3500, 3500, 3500, 3500, 3500, 3500, 3500,
	3500, 3500, 3500, 3500, 3500, 3500, 3500, 3500, 3500, 3500, 3500, 3500, 3500, 3500, 3500, 3500, 3500, 3500,
	3500, 3500, 3500, 3500, 3500, 3500, 3500, 3500, 3500, 3500, 3500, 3500, 3500, 3500, 3500, 3500, 3500, 3500,
	3500, 3500, 3500, 3500, 3500, 3500, 3500, 3500, 3500, 3500, 3500, 3500, 3500, 3500, 3500, 3500, 3500, 3500,
	3500, 3500, 3500, 3500, 3500, 3500, 3500, 3500, 3500, 3500, 3500, 3500, 3500, 3500, 3500, 3500, 3500, 3500,
	3500, 3500, 3500, 3500, 3500, 3500, 3500, 3500, 3500, 3500, 3500, 3500, 3500, 3500, 3500, 3500, 3500, 3500,
	3500, 3500, 3500, 3500, 3500, 3500, 3500, 3500, 3500, 3500, 3500, 3500, 3500, 3500, 3500, 3500, 3500, 3500,
	3500, 3500, 3500, 3500, 3500, 3500, 3500, 3500, 3500, 3500, 3500, 3500, 3500, 3500, 3500, 3500, 3500, 3500,
	3500, 3500, 3500, 3500, 3500, 3500, 3500, 3500, 3500, 3500, 3500, 3500, 3500, 3500, 3500, 3500, 3500, 3500,
	3500, 3500, 3500, 3500, 3500, 3500, 3500, 3500, 3500, 3500, 3500, 3500, 3500, 3500, 3500, 3500, 3500, 3500,
	3500, 3500, 3500, 3500, 3500, 3500, 3500, 3500, 3500, 3500, 3500, 3500, 3500, 3500, 3500, 3500, 3500, 3500,
	3500, 3500, 3500, 3500, 3500, 3500, 3500, 3500, 3500, 3500, 3500, 3500, 3500, 3500, 3500, 3500, 3500, 3500,
	3500, 3500, 3500, 3500, 3500, 3500, 3500, 3500, 3500, 3500, 3500, 3500, 3500, 3500, 3500, 3500, 3500, 3500,
	3500, 3500, 3500, 3500, 3500, 3500, 3500, 3500, 3500, 3500, 3500, 3500, 3500, 3500, 3500, 3500, 3500, 3500,
	3500, 3500, 3500, 3500, 3500, 3500, 3500, 3500, 3500, 3500, 3500, 3500, 3500, 3500, 3500, 3500, 3500, 3500,
	3500, 3500, 3500, 3500, 3500, 3500, 3500, 3500, 3500, 3500, 3500, 3500, 3500, 3500, 3500, 3500, 3500, 3500,
U0_M2_Upper = {
	5500, 5500, 5500, 5500, 5500, 5500, 5500, 5500, 5500, 5500, 5500, 5500, 5500, 5500, 5500, 5500, 5500, 5500,
	5500, 5500, 5500, 5500, 5500, 5500, 5500, 5500, 5500, 5500, 5500, 5500, 5500, 5500, 5500, 5500, 5500, 5500,
	5500, 5500, 5500, 5500, 5500, 5500, 5500, 5500, 5500, 5500, 5500, 5500, 5500, 5500, 5500, 5500, 5500, 5500,
	5500, 5500, 5500, 5500, 5500, 5500, 5500, 5500, 5500, 5500, 5500, 5500, 5500, 5500, 5500, 5500, 5500, 5500,
	5500, 5500, 5500, 5500, 5500, 5500, 5500, 5500, 5500, 5500, 5500, 5500, 5500, 5500, 5500, 5500, 5500, 5500,
	5500, 5500, 5500, 5500, 5500, 5500, 5500, 5500, 5500, 5500, 5500, 5500, 5500, 5500, 5500, 5500, 5500, 5500,
	5500, 5500, 5500, 5500, 5500, 5500, 5500, 5500, 5500, 5500, 5500, 5500, 5500, 5500, 5500, 5500, 5500, 5500,
	5500, 5500, 5500, 5500, 5500, 5500, 5500, 5500, 5500, 5500, 5500, 5500, 5500, 5500, 5500, 5500, 5500, 5500,
	5500, 5500, 5500, 5500, 5500, 5500, 5500, 5500, 5500, 5500, 5500, 5500, 5500, 5500, 5500, 5500, 5500, 5500,
	5500, 5500, 5500, 5500, 5500, 5500, 5500, 5500, 5500, 5500, 5500, 5500, 5500, 5500, 5500, 5500, 5500, 5500,
	5500, 5500, 5500, 5500, 5500, 5500, 5500, 5500, 5500, 5500, 5500, 5500, 5500, 5500, 5500, 5500, 5500, 5500,
	5500, 5500, 5500, 5500, 5500, 5500, 5500, 5500, 5500, 5500, 5500, 5500, 5500, 5500, 5500, 5500, 5500, 5500,
	5500, 5500, 5500, 5500, 5500, 5500, 5500, 5500, 5500, 5500, 5500, 5500, 5500, 5500, 5500, 5500, 5500, 5500,
	5500, 5500, 5500, 5500, 5500, 5500, 5500, 5500, 5500, 5500, 5500, 5500, 5500, 5500, 5500, 5500, 5500, 5500,
	5500, 5500, 5500, 5500, 5500, 5500, 5500, 5500, 5500, 5500, 5500, 5500, 5500, 5500, 5500, 5500, 5500, 5500,
	5500, 5500, 5500, 5500, 5500, 5500, 5500, 5500, 5500, 5500, 5500, 5500, 5500, 5500, 5500, 5500, 5500, 5500,
	5500, 5500, 5500, 5500, 5500, 5500, 5500, 5500, 5500, 5500, 5500, 5500, 5500, 5500, 5500, 5500, 5500, 5500,
	5500, 5500, 5500, 5500, 5500, 5500, 5500, 5500, 5500, 5500, 5500, 5500, 5500, 5500, 5500, 5500, 5500, 5500,
	5500, 5500, 5500, 5500, 5500, 5500, 5500, 5500, 5500, 5500, 5500, 5500, 5500, 5500, 5500, 5500, 5500, 5500,
	5500, 5500, 5500, 5500, 5500, 5500, 5500, 5500, 5500, 5500, 5500, 5500, 5500, 5500, 5500, 5500, 5500, 5500,
	5500, 5500, 5500, 5500, 5500, 5500, 5500, 5500, 5500, 5500, 5500, 5500, 5500, 5500, 5500, 5500, 5500, 5500,
	5500, 5500, 5500, 5500, 5500, 5500, 5500, 5500, 5500, 5500, 5500, 5500, 5500, 5500, 5500, 5500, 5500, 5500,
	5500, 5500, 5500, 5500, 5500, 5500, 5500, 5500, 5500, 5500, 5500, 5500, 5500, 5500, 5500, 5500, 5500, 5500,
	5500, 5500, 5500, 5500, 5500, 5500, 5500, 5500, 5500, 5500, 5500, 5500, 5500, 5500, 5500, 5500, 5500, 5500,
	5500, 5500, 5500, 5500, 5500, 5500, 5500, 5500, 5500, 5500, 5500, 5500, 5500, 5500, 5500, 5500, 5500, 5500,
	5500, 5500, 5500, 5500, 5500, 5500, 5500, 5500, 5500, 5500, 5500, 5500, 5500, 5500, 5500, 5500, 5500, 5500,
	5500, 5500, 5500, 5500, 5500, 5500, 5500, 5500, 5500, 5500, 5500, 5500, 5500, 5500, 5500, 5500, 5500, 5500,
	5500, 5500, 5500, 5500, 5500, 5500, 5500, 5500, 5500, 5500, 5500, 5500, 5500, 5500, 5500, 5500, 5500, 5500,
	5500, 5500, 5500, 5500, 5500, 5500, 5500, 5500, 5500, 5500, 5500, 5500, 5500, 5500, 5500, 5500, 5500, 5500,
	5500, 5500, 5500, 5500, 5500, 5500, 5500, 5500, 5500, 5500, 5500, 5500, 5500, 5500, 5500, 5500, 5500, 5500,
	5500, 5500, 5500, 5500, 5500, 5500, 5500, 5500, 5500, 5500, 5500, 5500, 5500, 5500, 5500, 5500, 5500, 5500,
	5500, 5500, 5500, 5500, 5500, 5500, 5500, 5500, 5500, 5500, 5500, 5500, 5500, 5500, 5500, 5500, 5500, 5500,
}
U0_M1_Lower = {
	350, 350, 350, 350, 350, 350, 350, 350, 350, 350, 350, 350, 350, 350, 350, 350, 350, 350,
	350, 350, 350, 350, 350, 350, 350, 350, 350, 350, 350, 350, 350, 350, 350, 350, 350, 350,
	350, 350, 350, 350, 350, 350, 350, 350, 350, 350, 350, 350, 350, 350, 350, 350, 350, 350,
	350, 350, 350, 350, 350, 350, 350, 350, 350, 350, 350, 350, 350, 350, 350, 350, 350, 350,
	350, 350, 350, 350, 350, 350, 350, 350, 350, 350, 350, 350, 350, 350, 350, 350, 350, 350,
	350, 350, 350, 350, 350, 350, 350, 350, 350, 350, 350, 350, 350, 350, 350, 350, 350, 350,
	350, 350, 350, 350, 350, 350, 350, 350, 350, 350, 350, 350, 350, 350, 350, 350, 350, 350,
	350, 350, 350, 350, 350, 350, 350, 350, 350, 350, 350, 350, 350, 350, 350, 350, 350, 350,
	350, 350, 350, 350, 350, 350, 350, 350, 350, 350, 350, 350, 350, 350, 350, 350, 350, 350,
	350, 350, 350, 350, 350, 350, 350, 350, 350, 350, 350, 350, 350, 350, 350, 350, 350, 350,
	350, 350, 350, 350, 350, 350, 350, 350, 350, 350, 350, 350, 350, 350, 350, 350, 350, 350,
	350, 350, 350, 350, 350, 350, 350, 350, 350, 350, 350, 350, 350, 350, 350, 350, 350, 350,
	350, 350, 350, 350, 350, 350, 350, 350, 350, 350, 350, 350, 350, 350, 350, 350, 350, 350,
	350, 350, 350, 350, 350, 350, 350, 350, 350, 350, 350, 350, 350, 350, 350, 350, 350, 350,
	350, 350, 350, 350, 350, 350, 350, 350, 350, 350, 350, 350, 350, 350, 350, 350, 350, 350,
	350, 350, 350, 350, 350, 350, 350, 350, 350, 350, 350, 350, 350, 350, 350, 350, 350, 350,
	350, 350, 350, 350, 350, 350, 350, 350, 350, 350, 350, 350, 350, 350, 350, 350, 350, 350,
	350, 350, 350, 350, 350, 350, 350, 350, 350, 350, 350, 350, 350, 350, 350, 350, 350, 350,
	350, 350, 350, 350, 350, 350, 350, 350, 350, 350, 350, 350, 350, 350, 350, 350, 350, 350,
	350, 350, 350, 350, 350, 350, 350, 350, 350, 350, 350, 350, 350, 350, 350, 350, 350, 350,
	350, 350, 350, 350, 350, 350, 350, 350, 350, 350, 350, 350, 350, 350, 350, 350, 350, 350,
	350, 350, 350, 350, 350, 350, 350, 350, 350, 350, 350, 350, 350, 350, 350, 350, 350, 350,
	350, 350, 350, 350, 350, 350, 350, 350, 350, 350, 350, 350, 350, 350, 350, 350, 350, 350,
	350, 350, 350, 350, 350, 350, 350, 350, 350, 350, 350, 350, 350, 350, 350, 350, 350, 350,
	350, 350, 350, 350, 350, 350, 350, 350, 350, 350, 350, 350, 350, 350, 350, 350, 350, 350,
	350, 350, 350, 350, 350, 350, 350, 350, 350, 350, 350, 350, 350, 350, 350, 350, 350, 350,
	350, 350, 350, 350, 350, 350, 350, 350, 350, 350, 350, 350, 350, 350, 350, 350, 350, 350,
	350, 350, 350, 350, 350, 350, 350, 350, 350, 350, 350, 350, 350, 350, 350, 350, 350, 350,
	350, 350, 350, 350, 350, 350, 350, 350, 350, 350, 350, 350, 350, 350, 350, 350, 350, 350,
	350, 350, 350, 350, 350, 350, 350, 350, 350, 350, 350, 350, 350, 350, 350, 350, 350, 350,
	350, 350, 350, 350, 350, 350, 350, 350, 350, 350, 350, 350, 350, 350, 350, 350, 350, 350,
	350, 350, 350, 350, 350, 350, 350, 350, 350, 350, 350, 350, 350, 350, 350, 350, 350, 350,
}
U0_M1_Upper = {
	1750, 1750, 1750, 1750, 1750, 1750, 1750, 1750, 1750, 1750, 1750, 1750, 1750, 1750, 1750, 1750, 1750, 1750,
	1750, 1750, 1750, 1750, 1750, 1750, 1750, 1750, 1750, 1750, 1750, 1750, 1750, 1750, 1750, 1750, 1750, 1750,
	1750, 1750, 1750, 1750, 1750, 1750, 1750, 1750, 1750, 1750, 1750, 1750, 1750, 1750, 1750, 1750, 1750, 1750,
	1750, 1750, 1750, 1750, 1750, 1750, 1750, 1750, 1750, 1750, 1750, 1750, 1750, 1750, 1750, 1750, 1750, 1750,
	1750, 1750, 1750, 1750, 1750, 1750, 1750, 1750, 1750, 1750, 1750, 1750, 1750, 1750, 1750, 1750, 1750, 1750,
	1750, 1750, 1750, 1750, 1750, 1750, 1750, 1750, 1750, 1750, 1750, 1750, 1750, 1750, 1750, 1750, 1750, 1750,
	1750, 1750, 1750, 1750, 1750, 1750, 1750, 1750, 1750, 1750, 1750, 1750, 1750, 1750, 1750, 1750, 1750, 1750,
	1750, 1750, 1750, 1750, 1750, 1750, 1750, 1750, 1750, 1750, 1750, 1750, 1750, 1750, 1750, 1750, 1750, 1750,
	1750, 1750, 1750, 1750, 1750, 1750, 1750, 1750, 1750, 1750, 1750, 1750, 1750, 1750, 1750, 1750, 1750, 1750,
	1750, 1750, 1750, 1750, 1750, 1750, 1750, 1750, 1750, 1750, 1750, 1750, 1750, 1750, 1750, 1750, 1750, 1750,
	1750, 1750, 1750, 1750, 1750, 1750, 1750, 1750, 1750, 1750, 1750, 1750, 1750, 1750, 1750, 1750, 1750, 1750,
	1750, 1750, 1750, 1750, 1750, 1750, 1750, 1750, 1750, 1750, 1750, 1750, 1750, 1750, 1750, 1750, 1750, 1750,
	1750, 1750, 1750, 1750, 1750, 1750, 1750, 1750, 1750, 1750, 1750, 1750, 1750, 1750, 1750, 1750, 1750, 1750,
	1750, 1750, 1750, 1750, 1750, 1750, 1750, 1750, 1750, 1750, 1750, 1750, 1750, 1750, 1750, 1750, 1750, 1750,
	1750, 1750, 1750, 1750, 1750, 1750, 1750, 1750, 1750, 1750, 1750, 1750, 1750, 1750, 1750, 1750, 1750, 1750,
	1750, 1750, 1750, 1750, 1750, 1750, 1750, 1750, 1750, 1750, 1750, 1750, 1750, 1750, 1750, 1750, 1750, 1750,
	1750, 1750, 1750, 1750, 1750, 1750, 1750, 1750, 1750, 1750, 1750, 1750, 1750, 1750, 1750, 1750, 1750, 1750,
	1750, 1750, 1750, 1750, 1750, 1750, 1750, 1750, 1750, 1750, 1750, 1750, 1750, 1750, 1750, 1750, 1750, 1750,
	1750, 1750, 1750, 1750, 1750, 1750, 1750, 1750, 1750, 1750, 1750, 1750, 1750, 1750, 1750, 1750, 1750, 1750,
	1750, 1750, 1750, 1750, 1750, 1750, 1750, 1750, 1750, 1750, 1750, 1750, 1750, 1750, 1750, 1750, 1750, 1750,
	1750, 1750, 1750, 1750, 1750, 1750, 1750, 1750, 1750, 1750, 1750, 1750, 1750, 1750, 1750, 1750, 1750, 1750,
	1750, 1750, 1750, 1750, 1750, 1750, 1750, 1750, 1750, 1750, 1750, 1750, 1750, 1750, 1750, 1750, 1750, 1750,
	1750, 1750, 1750, 1750, 1750, 1750, 1750, 1750, 1750, 1750, 1750, 1750, 1750, 1750, 1750, 1750, 1750, 1750,
	1750, 1750, 1750, 1750, 1750, 1750, 1750, 1750, 1750, 1750, 1750, 1750, 1750, 1750, 1750, 1750, 1750, 1750,
	1750, 1750, 1750, 1750, 1750, 1750, 1750, 1750, 1750, 1750, 1750, 1750, 1750, 1750, 1750, 1750, 1750, 1750,
	1750, 1750, 1750, 1750, 1750, 1750, 1750, 1750, 1750, 1750, 1750, 1750, 1750, 1750, 1750, 1750, 1750, 1750,
	1750, 1750, 1750, 1750, 1750, 1750, 1750, 1750, 1750, 1750, 1750, 1750, 1750, 1750, 1750, 1750, 1750, 1750,
	1750, 1750, 1750, 1750, 1750, 1750, 1750, 1750, 1750, 1750, 1750, 1750, 1750, 1750, 1750, 1750, 1750, 1750,
	1750, 1750, 1750, 1750, 1750, 1750, 1750, 1750, 1750, 1750, 1750, 1750, 1750, 1750, 1750, 1750, 1750, 1750,
	1750, 1750, 1750, 1750, 1750, 1750, 1750, 1750, 1750, 1750, 1750, 1750, 1750, 1750, 1750, 1750, 1750, 1750,
	1750, 1750, 1750, 1750, 1750, 1750, 1750, 1750, 1750, 1750, 1750, 1750, 1750, 1750, 1750, 1750, 1750, 1750,
	1750, 1750, 1750, 1750, 1750, 1750, 1750, 1750, 1750, 1750, 1750, 1750, 1750, 1750, 1750, 1750, 1750, 1750,
}
OPEN_Lower = {
	2900, 2900, 2900, 2900, 2900, 2900, 2900, 2900, 2900, 2900, 2900, 2900, 2900, 2900, 2900, 2900, 2900, 2900,
	2900, 2900, 2900, 2900, 2900, 2900, 2900, 2900, 2900, 2900, 2900, 2900, 2900, 2900, 2900, 2900, 2900, 2900,
	2900, 2900, 2900, 2900, 2900, 2900, 2900, 2900, 2900, 2900, 2900, 2900, 2900, 2900, 2900, 2900, 2900, 2900,
	2900, 2900, 2900, 2900, 2900, 2900, 2900, 2900, 2900, 2900, 2900, 2900, 2900, 2900, 2900, 2900, 2900, 2900,
	2900, 2900, 2900, 2900, 2900, 2900, 2900, 2900, 2900, 2900, 2900, 2900, 2900, 2900, 2900, 2900, 2900, 2900,
	2900, 2900, 2900, 2900, 2900, 2900, 2900, 2900, 2900, 2900, 2900, 2900, 2900, 2900, 2900, 2900, 2900, 2900,
	2900, 2900, 2900, 2900, 2900, 2900, 2900, 2900, 2900, 2900, 2900, 2900, 2900, 2900, 2900, 2900, 2900, 2900,
	2900, 2900, 2900, 2900, 2900, 2900, 2900, 2900, 2900, 2900, 2900, 2900, 2900, 2900, 2900, 2900, 2900, 2900,
	2900, 2900, 2900, 2900, 2900, 2900, 2900, 2900, 2900, 2900, 2900, 2900, 2900, 2900, 2900, 2900, 2900, 2900,
	2900, 2900, 2900, 2900, 2900, 2900, 2900, 2900, 2900, 2900, 2900, 2900, 2900, 2900, 2900, 2900, 2900, 2900,
	2900, 2900, 2900, 2900, 2900, 2900, 2900, 2900, 2900, 2900, 2900, 2900, 2900, 2900, 2900, 2900, 2900, 2900,
	2900, 2900, 2900, 2900, 2900, 2900, 2900, 2900, 2900, 2900, 2900, 2900, 2900, 2900, 2900, 2900, 2900, 2900,
	2900, 2900, 2900, 2900, 2900, 2900, 2900, 2900, 2900, 2900, 2900, 2900, 2900, 2900, 2900, 2900, 2900, 2900,
	2900, 2900, 2900, 2900, 2900, 2900, 2900, 2900, 2900, 2900, 2900, 2900, 2900, 2900, 2900, 2900, 2900, 2900,
	2900, 2900, 2900, 2900, 2900, 2900, 2900, 2900, 2900, 2900, 2900, 2900, 2900, 2900, 2900, 2900, 2900, 2900,
	2900, 2900, 2900, 2900, 2900, 2900, 2900, 2900, 2900, 2900, 2900, 2900, 2900, 2900, 2900, 2900, 2900, 2900,
	2900, 2900, 2900, 2900, 2900, 2900, 2900, 2900, 2900, 2900, 2900, 2900, 2900, 2900, 2900, 2900, 2900, 2900,
	2900, 2900, 2900, 2900, 2900, 2900, 2900, 2900, 2900, 2900, 2900, 2900, 2900, 2900, 2900, 2900, 2900, 2900,
	2900, 2900, 2900, 2900, 2900, 2900, 2900, 2900, 2900, 2900, 2900, 2900, 2900, 2900, 2900, 2900, 2900, 2900,
	2900, 2900, 2900, 2900, 2900, 2900, 2900, 2900, 2900, 2900, 2900, 2900, 2900, 2900, 2900, 2900, 2900, 2900,
	2900, 2900, 2900, 2900, 2900, 2900, 2900, 2900, 2900, 2900, 2900, 2900, 2900, 2900, 2900, 2900, 2900, 2900,
	2900, 2900, 2900, 2900, 2900, 2900, 2900, 2900, 2900, 2900, 2900, 2900, 2900, 2900, 2900, 2900, 2900, 2900,
	2900, 2900, 2900, 2900, 2900, 2900, 2900, 2900, 2900, 2900, 2900, 2900, 2900, 2900, 2900, 2900, 2900, 2900,
	2900, 2900, 2900, 2900, 2900, 2900, 2900, 2900, 2900, 2900, 2900, 2900, 2900, 2900, 2900, 2900, 2900, 2900,
	2900, 2900, 2900, 2900, 2900, 2900, 2900, 2900, 2900, 2900, 2900, 2900, 2900, 2900, 2900, 2900, 2900, 2900,
	2900, 2900, 2900, 2900, 2900, 2900, 2900, 2900, 2900, 2900, 2900, 2900, 2900, 2900, 2900, 2900, 2900, 2900,
	2900, 2900, 2900, 2900, 2900, 2900, 2900, 2900, 2900, 2900, 2900, 2900, 2900, 2900, 2900, 2900, 2900, 2900,
	2900, 2900, 2900, 2900, 2900, 2900, 2900, 2900, 2900, 2900, 2900, 2900, 2900, 2900, 2900, 2900, 2900, 2900,
	2900, 2900, 2900, 2900, 2900, 2900, 2900, 2900, 2900, 2900, 2900, 2900, 2900, 2900, 2900, 2900, 2900, 2900,
	2900, 2900, 2900, 2900, 2900, 2900, 2900, 2900, 2900, 2900, 2900, 2900, 2900, 2900, 2900, 2900, 2900, 2900,
	2900, 2900, 2900, 2900, 2900, 2900, 2900, 2900, 2900, 2900, 2900, 2900, 2900, 2900, 2900, 2900, 2900, 2900,
	2900, 2900, 2900, 2900, 2900, 2900, 2900, 2900, 2900, 2900, 2900, 2900, 2900, 2900, 2900, 2900, 2900, 2900,
}
OPEN_Upper = {
	4400, 4400, 4400, 4400, 4400, 4400, 4400, 4400, 4400, 4400, 4400, 4400, 4400, 4400, 4400, 4400, 4400, 4400,
	4400, 4400, 4400, 4400, 4400, 4400, 4400, 4400, 4400, 4400, 4400, 4400, 4400, 4400, 4400, 4400, 4400, 4400,
	4400, 4400, 4400, 4400, 4400, 4400, 4400, 4400, 4400, 4400, 4400, 4400, 4400, 4400, 4400, 4400, 4400, 4400,
	4400, 4400, 4400, 4400, 4400, 4400, 4400, 4400, 4400, 4400, 4400, 4400, 4400, 4400, 4400, 4400, 4400, 4400,
	4400, 4400, 4400, 4400, 4400, 4400, 4400, 4400, 4400, 4400, 4400, 4400, 4400, 4400, 4400, 4400, 4400, 4400,
	4400, 4400, 4400, 4400, 4400, 4400, 4400, 4400, 4400, 4400, 4400, 4400, 4400, 4400, 4400, 4400, 4400, 4400,
	4400, 4400, 4400, 4400, 4400, 4400, 4400, 4400, 4400, 4400, 4400, 4400, 4400, 4400, 4400, 4400, 4400, 4400,
	4400, 4400, 4400, 4400, 4400, 4400, 4400, 4400, 4400, 4400, 4400, 4400, 4400, 4400, 4400, 4400, 4400, 4400,
	4400, 4400, 4400, 4400, 4400, 4400, 4400, 4400, 4400, 4400, 4400, 4400, 4400, 4400, 4400, 4400, 4400, 4400,
	4400, 4400, 4400, 4400, 4400, 4400, 4400, 4400, 4400, 4400, 4400, 4400, 4400, 4400, 4400, 4400, 4400, 4400,
	4400, 4400, 4400, 4400, 4400, 4400, 4400, 4400, 4400, 4400, 4400, 4400, 4400, 4400, 4400, 4400, 4400, 4400,
	4400, 4400, 4400, 4400, 4400, 4400, 4400, 4400, 4400, 4400, 4400, 4400, 4400, 4400, 4400, 4400, 4400, 4400,
	4400, 4400, 4400, 4400, 4400, 4400, 4400, 4400, 4400, 4400, 4400, 4400, 4400, 4400, 4400, 4400, 4400, 4400,
	4400, 4400, 4400, 4400, 4400, 4400, 4400, 4400, 4400, 4400, 4400, 4400, 4400, 4400, 4400, 4400, 4400, 4400,
	4400, 4400, 4400, 4400, 4400, 4400, 4400, 4400, 4400, 4400, 4400, 4400, 4400, 4400, 4400, 4400, 4400, 4400,
	4400, 4400, 4400, 4400, 4400, 4400, 4400, 4400, 4400, 4400, 4400, 4400, 4400, 4400, 4400, 4400, 4400, 4400,
	4400, 4400, 4400, 4400, 4400, 4400, 4400, 4400, 4400, 4400, 4400, 4400, 4400, 4400, 4400, 4400, 4400, 4400,
	4400, 4400, 4400, 4400, 4400, 4400, 4400, 4400, 4400, 4400, 4400, 4400, 4400, 4400, 4400, 4400, 4400, 4400,
	4400, 4400, 4400, 4400, 4400, 4400, 4400, 4400, 4400, 4400, 4400, 4400, 4400, 4400, 4400, 4400, 4400, 4400,
	4400, 4400, 4400, 4400, 4400, 4400, 4400, 4400, 4400, 4400, 4400, 4400, 4400, 4400, 4400, 4400, 4400, 4400,
	4400, 4400, 4400, 4400, 4400, 4400, 4400, 4400, 4400, 4400, 4400, 4400, 4400, 4400, 4400, 4400, 4400, 4400,
	4400, 4400, 4400, 4400, 4400, 4400, 4400, 4400, 4400, 4400, 4400, 4400, 4400, 4400, 4400, 4400, 4400, 4400,
	4400, 4400, 4400, 4400, 4400, 4400, 4400, 4400, 4400, 4400, 4400, 4400, 4400, 4400, 4400, 4400, 4400, 4400,
	4400, 4400, 4400, 4400, 4400, 4400, 4400, 4400, 4400, 4400, 4400, 4400, 4400, 4400, 4400, 4400, 4400, 4400,
	4400, 4400, 4400, 4400, 4400, 4400, 4400, 4400, 4400, 4400, 4400, 4400, 4400, 4400, 4400, 4400, 4400, 4400,
	4400, 4400, 4400, 4400, 4400, 4400, 4400, 4400, 4400, 4400, 4400, 4400, 4400, 4400, 4400, 4400, 4400, 4400,
	4400, 4400, 4400, 4400, 4400, 4400, 4400, 4400, 4400, 4400, 4400, 4400, 4400, 4400, 4400, 4400, 4400, 4400,
	4400, 4400, 4400, 4400, 4400, 4400, 4400, 4400, 4400, 4400, 4400, 4400, 4400, 4400, 4400, 4400, 4400, 4400,
	4400, 4400, 4400, 4400, 4400, 4400, 4400, 4400, 4400, 4400, 4400, 4400, 4400, 4400, 4400, 4400, 4400, 4400,
	4400, 4400, 4400, 4400, 4400, 4400, 4400, 4400, 4400, 4400, 4400, 4400, 4400, 4400, 4400, 4400, 4400, 4400,
	4400, 4400, 4400, 4400, 4400, 4400, 4400, 4400, 4400, 4400, 4400, 4400, 4400, 4400, 4400, 4400, 4400, 4400,
	4400, 4400, 4400, 4400, 4400, 4400, 4400, 4400, 4400, 4400, 4400, 4400, 4400, 4400, 4400, 4400, 4400, 4400,
}
SHORT_Lower = {
	1950, 1950, 1950, 1950, 1950, 1950, 1950, 1950, 1950, 1950, 1950, 1950, 1950, 1950, 1950, 1950, 1950, 1950,
	1950, 1950, 1950, 1950, 1950, 1950, 1950, 1950, 1950, 1950, 1950, 1950, 1950, 1950, 1950, 1950, 1950, 1950,
	1950, 1950, 1950, 1950, 1950, 1950, 1950, 1950, 1950, 1950, 1950, 1950, 1950, 1950, 1950, 1950, 1950, 1950,
	1950, 1950, 1950, 1950, 1950, 1950, 1950, 1950, 1950, 1950, 1950, 1950, 1950, 1950, 1950, 1950, 1950, 1950,
	1950, 1950, 1950, 1950, 1950, 1950, 1950, 1950, 1950, 1950, 1950, 1950, 1950, 1950, 1950, 1950, 1950, 1950,
	1950, 1950, 1950, 1950, 1950, 1950, 1950, 1950, 1950, 1950, 1950, 1950, 1950, 1950, 1950, 1950, 1950, 1950,
	1950, 1950, 1950, 1950, 1950, 1950, 1950, 1950, 1950, 1950, 1950, 1950, 1950, 1950, 1950, 1950, 1950, 1950,
	1950, 1950, 1950, 1950, 1950, 1950, 1950, 1950, 1950, 1950, 1950, 1950, 1950, 1950, 1950, 1950, 1950, 1950,
	1950, 1950, 1950, 1950, 1950, 1950, 1950, 1950, 1950, 1950, 1950, 1950, 1950, 1950, 1950, 1950, 1950, 1950,
	1950, 1950, 1950, 1950, 1950, 1950, 1950, 1950, 1950, 1950, 1950, 1950, 1950, 1950, 1950, 1950, 1950, 1950,
	1950, 1950, 1950, 1950, 1950, 1950, 1950, 1950, 1950, 1950, 1950, 1950, 1950, 1950, 1950, 1950, 1950, 1950,
	1950, 1950, 1950, 1950, 1950, 1950, 1950, 1950, 1950, 1950, 1950, 1950, 1950, 1950, 1950, 1950, 1950, 1950,
	1950, 1950, 1950, 1950, 1950, 1950, 1950, 1950, 1950, 1950, 1950, 1950, 1950, 1950, 1950, 1950, 1950, 1950,
	1950, 1950, 1950, 1950, 1950, 1950, 1950, 1950, 1950, 1950, 1950, 1950, 1950, 1950, 1950, 1950, 1950, 1950,
	1950, 1950, 1950, 1950, 1950, 1950, 1950, 1950, 1950, 1950, 1950, 1950, 1950, 1950, 1950, 1950, 1950, 1950,
	1950, 1950, 1950, 1950, 1950, 1950, 1950, 1950, 1950, 1950, 1950, 1950, 1950, 1950, 1950, 1950, 1950, 1950,
	1950, 1950, 1950, 1950, 1950, 1950, 1950, 1950, 1950, 1950, 1950, 1950, 1950, 1950, 1950, 1950, 1950, 1950,
	1950, 1950, 1950, 1950, 1950, 1950, 1950, 1950, 1950, 1950, 1950, 1950, 1950, 1950, 1950, 1950, 1950, 1950,
	1950, 1950, 1950, 1950, 1950, 1950, 1950, 1950, 1950, 1950, 1950, 1950, 1950, 1950, 1950, 1950, 1950, 1950,
	1950, 1950, 1950, 1950, 1950, 1950, 1950, 1950, 1950, 1950, 1950, 1950, 1950, 1950, 1950, 1950, 1950, 1950,
	1950, 1950, 1950, 1950, 1950, 1950, 1950, 1950, 1950, 1950, 1950, 1950, 1950, 1950, 1950, 1950, 1950, 1950,
	1950, 1950, 1950, 1950, 1950, 1950, 1950, 1950, 1950, 1950, 1950, 1950, 1950, 1950, 1950, 1950, 1950, 1950,
	1950, 1950, 1950, 1950, 1950, 1950, 1950, 1950, 1950, 1950, 1950, 1950, 1950, 1950, 1950, 1950, 1950, 1950,
	1950, 1950, 1950, 1950, 1950, 1950, 1950, 1950, 1950, 1950, 1950, 1950, 1950, 1950, 1950, 1950, 1950, 1950,
	1950, 1950, 1950, 1950, 1950, 1950, 1950, 1950, 1950, 1950, 1950, 1950, 1950, 1950, 1950, 1950, 1950, 1950,
	1950, 1950, 1950, 1950, 1950, 1950, 1950, 1950, 1950, 1950, 1950, 1950, 1950, 1950, 1950, 1950, 1950, 1950,
	1950, 1950, 1950, 1950, 1950, 1950, 1950, 1950, 1950, 1950, 1950, 1950, 1950, 1950, 1950, 1950, 1950, 1950,
	1950, 1950, 1950, 1950, 1950, 1950, 1950, 1950, 1950, 1950, 1950, 1950, 1950, 1950, 1950, 1950, 1950, 1950,
	1950, 1950, 1950, 1950, 1950, 1950, 1950, 1950, 1950, 1950, 1950, 1950, 1950, 1950, 1950, 1950, 1950, 1950,
	1950, 1950, 1950, 1950, 1950, 1950, 1950, 1950, 1950, 1950, 1950, 1950, 1950, 1950, 1950, 1950, 1950, 1950,
	1950, 1950, 1950, 1950, 1950, 1950, 1950, 1950, 1950, 1950, 1950, 1950, 1950, 1950, 1950, 1950, 1950, 1950,
	1950, 1950, 1950, 1950, 1950, 1950, 1950, 1950, 1950, 1950, 1950, 1950, 1950, 1950, 1950, 1950, 1950, 1950,
}
SHORT_Upper = {
	2150, 2150, 2150, 2150, 2150, 2150, 2150, 2150, 2150, 2150, 2150, 2150, 2150, 2150, 2150, 2150, 2150, 2150,
	2150, 2150, 2150, 2150, 2150, 2150, 2150, 2150, 2150, 2150, 2150, 2150, 2150, 2150, 2150, 2150, 2150, 2150,
	2150, 2150, 2150, 2150, 2150, 2150, 2150, 2150, 2150, 2150, 2150, 2150, 2150, 2150, 2150, 2150, 2150, 2150,
	2150, 2150, 2150, 2150, 2150, 2150, 2150, 2150, 2150, 2150, 2150, 2150, 2150, 2150, 2150, 2150, 2150, 2150,
	2150, 2150, 2150, 2150, 2150, 2150, 2150, 2150, 2150, 2150, 2150, 2150, 2150, 2150, 2150, 2150, 2150, 2150,
	2150, 2150, 2150, 2150, 2150, 2150, 2150, 2150, 2150, 2150, 2150, 2150, 2150, 2150, 2150, 2150, 2150, 2150,
	2150, 2150, 2150, 2150, 2150, 2150, 2150, 2150, 2150, 2150, 2150, 2150, 2150, 2150, 2150, 2150, 2150, 2150,
	2150, 2150, 2150, 2150, 2150, 2150, 2150, 2150, 2150, 2150, 2150, 2150, 2150, 2150, 2150, 2150, 2150, 2150,
	2150, 2150, 2150, 2150, 2150, 2150, 2150, 2150, 2150, 2150, 2150, 2150, 2150, 2150, 2150, 2150, 2150, 2150,
	2150, 2150, 2150, 2150, 2150, 2150, 2150, 2150, 2150, 2150, 2150, 2150, 2150, 2150, 2150, 2150, 2150, 2150,
	2150, 2150, 2150, 2150, 2150, 2150, 2150, 2150, 2150, 2150, 2150, 2150, 2150, 2150, 2150, 2150, 2150, 2150,
	2150, 2150, 2150, 2150, 2150, 2150, 2150, 2150, 2150, 2150, 2150, 2150, 2150, 2150, 2150, 2150, 2150, 2150,
	2150, 2150, 2150, 2150, 2150, 2150, 2150, 2150, 2150, 2150, 2150, 2150, 2150, 2150, 2150, 2150, 2150, 2150,
	2150, 2150, 2150, 2150, 2150, 2150, 2150, 2150, 2150, 2150, 2150, 2150, 2150, 2150, 2150, 2150, 2150, 2150,
	2150, 2150, 2150, 2150, 2150, 2150, 2150, 2150, 2150, 2150, 2150, 2150, 2150, 2150, 2150, 2150, 2150, 2150,
	2150, 2150, 2150, 2150, 2150, 2150, 2150, 2150, 2150, 2150, 2150, 2150, 2150, 2150, 2150, 2150, 2150, 2150,
	2150, 2150, 2150, 2150, 2150, 2150, 2150, 2150, 2150, 2150, 2150, 2150, 2150, 2150, 2150, 2150, 2150, 2150,
	2150, 2150, 2150, 2150, 2150, 2150, 2150, 2150, 2150, 2150, 2150, 2150, 2150, 2150, 2150, 2150, 2150, 2150,
	2150, 2150, 2150, 2150, 2150, 2150, 2150, 2150, 2150, 2150, 2150, 2150, 2150, 2150, 2150, 2150, 2150, 2150,
	2150, 2150, 2150, 2150, 2150, 2150, 2150, 2150, 2150, 2150, 2150, 2150, 2150, 2150, 2150, 2150, 2150, 2150,
	2150, 2150, 2150, 2150, 2150, 2150, 2150, 2150, 2150, 2150, 2150, 2150, 2150, 2150, 2150, 2150, 2150, 2150,
	2150, 2150, 2150, 2150, 2150, 2150, 2150, 2150, 2150, 2150, 2150, 2150, 2150, 2150, 2150, 2150, 2150, 2150,
	2150, 2150, 2150, 2150, 2150, 2150, 2150, 2150, 2150, 2150, 2150, 2150, 2150, 2150, 2150, 2150, 2150, 2150,
	2150, 2150, 2150, 2150, 2150, 2150, 2150, 2150, 2150, 2150, 2150, 2150, 2150, 2150, 2150, 2150, 2150, 2150,
	2150, 2150, 2150, 2150, 2150, 2150, 2150, 2150, 2150, 2150, 2150, 2150, 2150, 2150, 2150, 2150, 2150, 2150,
	2150, 2150, 2150, 2150, 2150, 2150, 2150, 2150, 2150, 2150, 2150, 2150, 2150, 2150, 2150, 2150, 2150, 2150,
	2150, 2150, 2150, 2150, 2150, 2150, 2150, 2150, 2150, 2150, 2150, 2150, 2150, 2150, 2150, 2150, 2150, 2150,
	2150, 2150, 2150, 2150, 2150, 2150, 2150, 2150, 2150, 2150, 2150, 2150, 2150, 2150, 2150, 2150, 2150, 2150,
	2150, 2150, 2150, 2150, 2150, 2150, 2150, 2150, 2150, 2150, 2150, 2150, 2150, 2150, 2150, 2150, 2150, 2150,
	2150, 2150, 2150, 2150, 2150, 2150, 2150, 2150, 2150, 2150, 2150, 2150, 2150, 2150, 2150, 2150, 2150, 2150,
	2150, 2150, 2150, 2150, 2150, 2150, 2150, 2150, 2150, 2150, 2150, 2150, 2150, 2150, 2150, 2150, 2150, 2150,
	2150, 2150, 2150, 2150, 2150, 2150, 2150, 2150, 2150, 2150, 2150, 2150, 2150, 2150, 2150, 2150, 2150, 2150,
}
U3_JITTER_Lower = {
	0, 0, 0, 0, 0, 0, 0, 0, 0, 0, 0, 0, 0, 0, 0, 0, 0, 0,
	0, 0, 0, 0, 0, 0, 0, 0, 0, 0, 0, 0, 0, 0, 0, 0, 0, 0,
	0, 0, 0, 0, 0, 0, 0, 0, 0, 0, 0, 0, 0, 0, 0, 0, 0, 0,
	0, 0, 0, 0, 0, 0, 0, 0, 0, 0, 0, 0, 0, 0, 0, 0, 0, 0,
	0, 0, 0, 0, 0, 0, 0, 0, 0, 0, 0, 0, 0, 0, 0, 0, 0, 0,
	0, 0, 0, 0, 0, 0, 0, 0, 0, 0, 0, 0, 0, 0, 0, 0, 0, 0,
	0, 0, 0, 0, 0, 0, 0, 0, 0, 0, 0, 0, 0, 0, 0, 0, 0, 0,
	0, 0, 0, 0, 0, 0, 0, 0, 0, 0, 0, 0, 0, 0, 0, 0, 0, 0,
	0, 0, 0, 0, 0, 0, 0, 0, 0, 0, 0, 0, 0, 0, 0, 0, 0, 0,
	0, 0, 0, 0, 0, 0, 0, 0, 0, 0, 0, 0, 0, 0, 0, 0, 0, 0,
	0, 0, 0, 0, 0, 0, 0, 0, 0, 0, 0, 0, 0, 0, 0, 0, 0, 0,
	0, 0, 0, 0, 0, 0, 0, 0, 0, 0, 0, 0, 0, 0, 0, 0, 0, 0,
	0, 0, 0, 0, 0, 0, 0, 0, 0, 0, 0, 0, 0, 0, 0, 0, 0, 0,
	0, 0, 0, 0, 0, 0, 0, 0, 0, 0, 0, 0, 0, 0, 0, 0, 0, 0,
	0, 0, 0, 0, 0, 0, 0, 0, 0, 0, 0, 0, 0, 0, 0, 0, 0, 0,
	0, 0, 0, 0, 0, 0, 0, 0, 0, 0, 0, 0, 0, 0, 0, 0, 0, 0,
	0, 0, 0, 0, 0, 0, 0, 0, 0, 0, 0, 0, 0, 0, 0, 0, 0, 0,
	0, 0, 0, 0, 0, 0, 0, 0, 0, 0, 0, 0, 0, 0, 0, 0, 0, 0,
	0, 0, 0, 0, 0, 0, 0, 0, 0, 0, 0, 0, 0, 0, 0, 0, 0, 0,
	0, 0, 0, 0, 0, 0, 0, 0, 0, 0, 0, 0, 0, 0, 0, 0, 0, 0,
	0, 0, 0, 0, 0, 0, 0, 0, 0, 0, 0, 0, 0, 0, 0, 0, 0, 0,
	0, 0, 0, 0, 0, 0, 0, 0, 0, 0, 0, 0, 0, 0, 0, 0, 0, 0,
	0, 0, 0, 0, 0, 0, 0, 0, 0, 0, 0, 0, 0, 0, 0, 0, 0, 0,
	0, 0, 0, 0, 0, 0, 0, 0, 0, 0, 0, 0, 0, 0, 0, 0, 0, 0,
	0, 0, 0, 0, 0, 0, 0, 0, 0, 0, 0, 0, 0, 0, 0, 0, 0, 0,
	0, 0, 0, 0, 0, 0, 0, 0, 0, 0, 0, 0, 0, 0, 0, 0, 0, 0,
	0, 0, 0, 0, 0, 0, 0, 0, 0, 0, 0, 0, 0, 0, 0, 0, 0, 0,
	0, 0, 0, 0, 0, 0, 0, 0, 0, 0, 0, 0, 0, 0, 0, 0, 0, 0,
	0, 0, 0, 0, 0, 0, 0, 0, 0, 0, 0, 0, 0, 0, 0, 0, 0, 0,
	0, 0, 0, 0, 0, 0, 0, 0, 0, 0, 0, 0, 0, 0, 0, 0, 0, 0,
	0, 0, 0, 0, 0, 0, 0, 0, 0, 0, 0, 0, 0, 0, 0, 0, 0, 0,
	0, 0, 0, 0, 0, 0, 0, 0, 0, 0, 0, 0, 0, 0, 0, 0, 0, 0,
}
U3_JITTER_Upper = {
	50, 50, 50, 50, 50, 50, 50, 50, 50, 50, 50, 50, 50, 50, 50, 50, 50, 50,
	50, 50, 50, 50, 50, 50, 50, 50, 50, 50, 50, 50, 50, 50, 50, 50, 50, 50,
	50, 50, 50, 50, 50, 50, 50, 50, 50, 50, 50, 50, 50, 50, 50, 50, 50, 50,
	50, 50, 50, 50, 50, 50, 50, 50, 50, 50, 50, 50, 50, 50, 50, 50, 50, 50,
	50, 50, 50, 50, 50, 50, 50, 50, 50, 50, 50, 50, 50, 50, 50, 50, 50, 50,
	50, 50, 50, 50, 50, 50, 50, 50, 50, 50, 50, 50, 50, 50, 50, 50, 50, 50,
	50, 50, 50, 50, 50, 50, 50, 50, 50, 50, 50, 50, 50, 50, 50, 50, 50, 50,
	50, 50, 50, 50, 50, 50, 50, 50, 50, 50, 50, 50, 50, 50, 50, 50, 50, 50,
	50, 50, 50, 50, 50, 50, 50, 50, 50, 50, 50, 50, 50, 50, 50, 50, 50, 50,
	50, 50, 50, 50, 50, 50, 50, 50, 50, 50, 50, 50, 50, 50, 50, 50, 50, 50,
	50, 50, 50, 50, 50, 50, 50, 50, 50, 50, 50, 50, 50, 50, 50, 50, 50, 50,
	50, 50, 50, 50, 50, 50, 50, 50, 50, 50, 50, 50, 50, 50, 50, 50, 50, 50,
	50, 50, 50, 50, 50, 50, 50, 50, 50, 50, 50, 50, 50, 50, 50, 50, 50, 50,
	50, 50, 50, 50, 50, 50, 50, 50, 50, 50, 50, 50, 50, 50, 50, 50, 50, 50,
	50, 50, 50, 50, 50, 50, 50, 50, 50, 50, 50, 50, 50, 50, 50, 50, 50, 50,
	50, 50, 50, 50, 50, 50, 50, 50, 50, 50, 50, 50, 50, 50, 50, 50, 50, 50,
	50, 50, 50, 50, 50, 50, 50, 50, 50, 50, 50, 50, 50, 50, 50, 50, 50, 50,
	50, 50, 50, 50, 50, 50, 50, 50, 50, 50, 50, 50, 50, 50, 50, 50, 50, 50,
	50, 50, 50, 50, 50, 50, 50, 50, 50, 50, 50, 50, 50, 50, 50, 50, 50, 50,
	50, 50, 50, 50, 50, 50, 50, 50, 50, 50, 50, 50, 50, 50, 50, 50, 50, 50,
	50, 50, 50, 50, 50, 50, 50, 50, 50, 50, 50, 50, 50, 50, 50, 50, 50, 50,
	50, 50, 50, 50, 50, 50, 50, 50, 50, 50, 50, 50, 50, 50, 50, 50, 50, 50,
	50, 50, 50, 50, 50, 50, 50, 50, 50, 50, 50, 50, 50, 50, 50, 50, 50, 50,
	50, 50, 50, 50, 50, 50, 50, 50, 50, 50, 50, 50, 50, 50, 50, 50, 50, 50,
	50, 50, 50, 50, 50, 50, 50, 50, 50, 50, 50, 50, 50, 50, 50, 50, 50, 50,
	50, 50, 50, 50, 50, 50, 50, 50, 50, 50, 50, 50, 50, 50, 50, 50, 50, 50,
	50, 50, 50, 50, 50, 50, 50, 50, 50, 50, 50, 50, 50, 50, 50, 50, 50, 50,
	50, 50, 50, 50, 50, 50, 50, 50, 50, 50, 50, 50, 50, 50, 50, 50, 50, 50,
	50, 50, 50, 50, 50, 50, 50, 50, 50, 50, 50, 50, 50, 50, 50, 50, 50, 50,
	50, 50, 50, 50, 50, 50, 50, 50, 50, 50, 50, 50, 50, 50, 50, 50, 50, 50,
	50, 50, 50, 50, 50, 50, 50, 50, 50, 50, 50, 50, 50, 50, 50, 50, 50, 50,
	50, 50, 50, 50, 50, 50, 50, 50, 50, 50, 50, 50, 50, 50, 50, 50, 50, 50,
}
U0_JITTER_Lower = {
	0, 0, 0, 0, 0, 0, 0, 0, 0, 0, 0, 0, 0, 0, 0, 0, 0, 0,
	0, 0, 0, 0, 0, 0, 0, 0, 0, 0, 0, 0, 0, 0, 0, 0, 0, 0,
	0, 0, 0, 0, 0, 0, 0, 0, 0, 0, 0, 0, 0, 0, 0, 0, 0, 0,
	0, 0, 0, 0, 0, 0, 0, 0, 0, 0, 0, 0, 0, 0, 0, 0, 0, 0,
	0, 0, 0, 0, 0, 0, 0, 0, 0, 0, 0, 0, 0, 0, 0, 0, 0, 0,
	0, 0, 0, 0, 0, 0, 0, 0, 0, 0, 0, 0, 0, 0, 0, 0, 0, 0,
	0, 0, 0, 0, 0, 0, 0, 0, 0, 0, 0, 0, 0, 0, 0, 0, 0, 0,
	0, 0, 0, 0, 0, 0, 0, 0, 0, 0, 0, 0, 0, 0, 0, 0, 0, 0,
	0, 0, 0, 0, 0, 0, 0, 0, 0, 0, 0, 0, 0, 0, 0, 0, 0, 0,
	0, 0, 0, 0, 0, 0, 0, 0, 0, 0, 0, 0, 0, 0, 0, 0, 0, 0,
	0, 0, 0, 0, 0, 0, 0, 0, 0, 0, 0, 0, 0, 0, 0, 0, 0, 0,
	0, 0, 0, 0, 0, 0, 0, 0, 0, 0, 0, 0, 0, 0, 0, 0, 0, 0,
	0, 0, 0, 0, 0, 0, 0, 0, 0, 0, 0, 0, 0, 0, 0, 0, 0, 0,
	0, 0, 0, 0, 0, 0, 0, 0, 0, 0, 0, 0, 0, 0, 0, 0, 0, 0,
	0, 0, 0, 0, 0, 0, 0, 0, 0, 0, 0, 0, 0, 0, 0, 0, 0, 0,
	0, 0, 0, 0, 0, 0, 0, 0, 0, 0, 0, 0, 0, 0, 0, 0, 0, 0,
	0, 0, 0, 0, 0, 0, 0, 0, 0, 0, 0, 0, 0, 0, 0, 0, 0, 0,
	0, 0, 0, 0, 0, 0, 0, 0, 0, 0, 0, 0, 0, 0, 0, 0, 0, 0,
	0, 0, 0, 0, 0, 0, 0, 0, 0, 0, 0, 0, 0, 0, 0, 0, 0, 0,
	0, 0, 0, 0, 0, 0, 0, 0, 0, 0, 0, 0, 0, 0, 0, 0, 0, 0,
	0, 0, 0, 0, 0, 0, 0, 0, 0, 0, 0, 0, 0, 0, 0, 0, 0, 0,
	0, 0, 0, 0, 0, 0, 0, 0, 0, 0, 0, 0, 0, 0, 0, 0, 0, 0,
	0, 0, 0, 0, 0, 0, 0, 0, 0, 0, 0, 0, 0, 0, 0, 0, 0, 0,
	0, 0, 0, 0, 0, 0, 0, 0, 0, 0, 0, 0, 0, 0, 0, 0, 0, 0,
	0, 0, 0, 0, 0, 0, 0, 0, 0, 0, 0, 0, 0, 0, 0, 0, 0, 0,
	0, 0, 0, 0, 0, 0, 0, 0, 0, 0, 0, 0, 0, 0, 0, 0, 0, 0,
	0, 0, 0, 0, 0, 0, 0, 0, 0, 0, 0, 0, 0, 0, 0, 0, 0, 0,
	0, 0, 0, 0, 0, 0, 0, 0, 0, 0, 0, 0, 0, 0, 0, 0, 0, 0,
	0, 0, 0, 0, 0, 0, 0, 0, 0, 0, 0, 0, 0, 0, 0, 0, 0, 0,
	0, 0, 0, 0, 0, 0, 0, 0, 0, 0, 0, 0, 0, 0, 0, 0, 0, 0,
	0, 0, 0, 0, 0, 0, 0, 0, 0, 0, 0, 0, 0, 0, 0, 0, 0, 0,
	0, 0, 0, 0, 0, 0, 0, 0, 0, 0, 0, 0, 0, 0, 0, 0, 0, 0,
}
U0_JITTER_Upper = {
	50, 50, 50, 50, 50, 50, 50, 50, 50, 50, 50, 50, 50, 50, 50, 50, 50, 50,
	50, 50, 50, 50, 50, 50, 50, 50, 50, 50, 50, 50, 50, 50, 50, 50, 50, 50,
	50, 50, 50, 50, 50, 50, 50, 50, 50, 50, 50, 50, 50, 50, 50, 50, 50, 50,
	50, 50, 50, 50, 50, 50, 50, 50, 50, 50, 50, 50, 50, 50, 50, 50, 50, 50,
	50, 50, 50, 50, 50, 50, 50, 50, 50, 50, 50, 50, 50, 50, 50, 50, 50, 50,
	50, 50, 50, 50, 50, 50, 50, 50, 50, 50, 50, 50, 50, 50, 50, 50, 50, 50,
	50, 50, 50, 50, 50, 50, 50, 50, 50, 50, 50, 50, 50, 50, 50, 50, 50, 50,
	50, 50, 50, 50, 50, 50, 50, 50, 50, 50, 50, 50, 50, 50, 50, 50, 50, 50,
	50, 50, 50, 50, 50, 50, 50, 50, 50, 50, 50, 50, 50, 50, 50, 50, 50, 50,
	50, 50, 50, 50, 50, 50, 50, 50, 50, 50, 50, 50, 50, 50, 50, 50, 50, 50,
	50, 50, 50, 50, 50, 50, 50, 50, 50, 50, 50, 50, 50, 50, 50, 50, 50, 50,
	50, 50, 50, 50, 50, 50, 50, 50, 50, 50, 50, 50, 50, 50, 50, 50, 50, 50,
	50, 50, 50, 50, 50, 50, 50, 50, 50, 50, 50, 50, 50, 50, 50, 50, 50, 50,
	50, 50, 50, 50, 50, 50, 50, 50, 50, 50, 50, 50, 50, 50, 50, 50, 50, 50,
	50, 50, 50, 50, 50, 50, 50, 50, 50, 50, 50, 50, 50, 50, 50, 50, 50, 50,
	50, 50, 50, 50, 50, 50, 50, 50, 50, 50, 50, 50, 50, 50, 50, 50, 50, 50,
	50, 50, 50, 50, 50, 50, 50, 50, 50, 50, 50, 50, 50, 50, 50, 50, 50, 50,
	50, 50, 50, 50, 50, 50, 50, 50, 50, 50, 50, 50, 50, 50, 50, 50, 50, 50,
	50, 50, 50, 50, 50, 50, 50, 50, 50, 50, 50, 50, 50, 50, 50, 50, 50, 50,
	50, 50, 50, 50, 50, 50, 50, 50, 50, 50, 50, 50, 50, 50, 50, 50, 50, 50,
	50, 50, 50, 50, 50, 50, 50, 50, 50, 50, 50, 50, 50, 50, 50, 50, 50, 50,
	50, 50, 50, 50, 50, 50, 50, 50, 50, 50, 50, 50, 50, 50, 50, 50, 50, 50,
	50, 50, 50, 50, 50, 50, 50, 50, 50, 50, 50, 50, 50, 50, 50, 50, 50, 50,
	50, 50, 50, 50, 50, 50, 50, 50, 50, 50, 50, 50, 50, 50, 50, 50, 50, 50,
	50, 50, 50, 50, 50, 50, 50, 50, 50, 50, 50, 50, 50, 50, 50, 50, 50, 50,
	50, 50, 50, 50, 50, 50, 50, 50, 50, 50, 50, 50, 50, 50, 50, 50, 50, 50,
	50, 50, 50, 50, 50, 50, 50, 50, 50, 50, 50, 50, 50, 50, 50, 50, 50, 50,
	50, 50, 50, 50, 50, 50, 50, 50, 50, 50, 50, 50, 50, 50, 50, 50, 50, 50,
	50, 50, 50, 50, 50, 50, 50, 50, 50, 50, 50, 50, 50, 50, 50, 50, 50, 50,
	50, 50, 50, 50, 50, 50, 50, 50, 50, 50, 50, 50, 50, 50, 50, 50, 50, 50,
	50, 50, 50, 50, 50, 50, 50, 50, 50, 50, 50, 50, 50, 50, 50, 50, 50, 50,
	50, 50, 50, 50, 50, 50, 50, 50, 50, 50, 50, 50, 50, 50, 50, 50, 50, 50,
}
AVERAGE_JITTER = {
	35, 35, 35, 35, 35, 35, 35, 35, 35, 35, 35, 35, 35, 35, 35, 35, 35, 35,
	35, 35, 35, 35, 35, 35, 35, 35, 35, 35, 35, 35, 35, 35, 35, 35, 35, 35,
	35, 35, 35, 35, 35, 35, 35, 35, 35, 35, 35, 35, 35, 35, 35, 35, 35, 35,
	35, 35, 35, 35, 35, 35, 35, 35, 35, 35, 35, 35, 35, 35, 35, 35, 35, 35,
	35, 35, 35, 35, 35, 35, 35, 35, 35, 35, 35, 35, 35, 35, 35, 35, 35, 35,
	35, 35, 35, 35, 35, 35, 35, 35, 35, 35, 35, 35, 35, 35, 35, 35, 35, 35,
	35, 35, 35, 35, 35, 35, 35, 35, 35, 35, 35, 35, 35, 35, 35, 35, 35, 35,
	35, 35, 35, 35, 35, 35, 35, 35, 35, 35, 35, 35, 35, 35, 35, 35, 35, 35,
	35, 35, 35, 35, 35, 35, 35, 35, 35, 35, 35, 35, 35, 35, 35, 35, 35, 35,
	35, 35, 35, 35, 35, 35, 35, 35, 35, 35, 35, 35, 35, 35, 35, 35, 35, 35,
	35, 35, 35, 35, 35, 35, 35, 35, 35, 35, 35, 35, 35, 35, 35, 35, 35, 35,
	35, 35, 35, 35, 35, 35, 35, 35, 35, 35, 35, 35, 35, 35, 35, 35, 35, 35,
	35, 35, 35, 35, 35, 35, 35, 35, 35, 35, 35, 35, 35, 35, 35, 35, 35, 35,
	35, 35, 35, 35, 35, 35, 35, 35, 35, 35, 35, 35, 35, 35, 35, 35, 35, 35,
	35, 35, 35, 35, 35, 35, 35, 35, 35, 35, 35, 35, 35, 35, 35, 35, 35, 35,
	35, 35, 35, 35, 35, 35, 35, 35, 35, 35, 35, 35, 35, 35, 35, 35, 35, 35,
	35, 35, 35, 35, 35, 35, 35, 35, 35, 35, 35, 35, 35, 35, 35, 35, 35, 35,
	35, 35, 35, 35, 35, 35, 35, 35, 35, 35, 35, 35, 35, 35, 35, 35, 35, 35,
	35, 35, 35, 35, 35, 35, 35, 35, 35, 35, 35, 35, 35, 35, 35, 35, 35, 35,
	35, 35, 35, 35, 35, 35, 35, 35, 35, 35, 35, 35, 35, 35, 35, 35, 35, 35,
	35, 35, 35, 35, 35, 35, 35, 35, 35, 35, 35, 35, 35, 35, 35, 35, 35, 35,
	35, 35, 35, 35, 35, 35, 35, 35, 35, 35, 35, 35, 35, 35, 35, 35, 35, 35,
	35, 35, 35, 35, 35, 35, 35, 35, 35, 35, 35, 35, 35, 35, 35, 35, 35, 35,
	35, 35, 35, 35, 35, 35, 35, 35, 35, 35, 35, 35, 35, 35, 35, 35, 35, 35,
	35, 35, 35, 35, 35, 35, 35, 35, 35, 35, 35, 35, 35, 35, 35, 35, 35, 35,
	35, 35, 35, 35, 35, 35, 35, 35, 35, 35, 35, 35, 35, 35, 35, 35, 35, 35,
	35, 35, 35, 35, 35, 35, 35, 35, 35, 35, 35, 35, 35, 35, 35, 35, 35, 35,
	35, 35, 35, 35, 35, 35, 35, 35, 35, 35, 35, 35, 35, 35, 35, 35, 35, 35,
	35, 35, 35, 35, 35, 35, 35, 35, 35, 35, 35, 35, 35, 35, 35, 35, 35, 35,
	35, 35, 35, 35, 35, 35, 35, 35, 35, 35, 35, 35, 35, 35, 35, 35, 35, 35,
	35, 35, 35, 35, 35, 35, 35, 35, 35, 35, 35, 35, 35, 35, 35, 35, 35, 35,
	35, 35, 35, 35, 35, 35, 35, 35, 35, 35, 35, 35, 35, 35, 35, 35, 35, 35,
}
